40973.100871	-43.657185	1.000000
40976.600826	-37.302269	1.000000
40977.300838	-37.196045	1.000000
40982.200608	-37.564980	1.000000
40984.300748	581.416626	1.000000
40986.400679	-37.556271	1.000000
40987.100691	-37.582527	1.000000
40989.200726	-37.269463	1.000000
40994.800821	-37.479160	1.000000
40995.500728	-37.257164	1.000000
40996.200740	-37.392879	1.000000
40996.900752	-37.579762	1.000000
41003.900662	-37.319221	1.000000
41004.600674	-37.333065	1.000000
41006.000698	-37.302410	1.000000
41006.700709	-37.392715	1.000000
41010.200664	-37.279388	1.000000
41012.300700	-37.165142	1.000000
41016.500771	-37.555565	1.000000
41018.600807	-36.834377	1.000000
41021.400854	547.031433	1.000000
41023.500890	-36.600925	1.000000
41024.200797	-36.724346	1.000000
41025.600821	-36.949814	1.000000
41026.300624	-37.004162	1.000000
41026.300624	-53.077026	1.000000
41034.700662	-36.542126	1.000000
41035.400674	-37.906334	1.000000
41036.800802	-36.354446	1.000000
41040.300757	-36.535088	1.000000
41041.700780	-36.333656	1.000000
41045.900851	-36.451157	1.000000
41046.600863	-36.629955	1.000000
41047.300875	-57.362862	1.000000
41056.400716	-36.319508	1.000000
41057.100728	477.005859	1.000000
41057.100728	-36.387585	1.000000
41057.800740	448.915680	1.000000
41058.500752	-36.473259	1.000000
41064.800754	-43.754288	1.000000
41065.500766	-36.212944	1.000000
41066.900790	-36.221695	1.000000
41067.600802	-40.895767	1.000000
41068.300813	-36.481472	1.000000
41069.700837	-36.528503	1.000000
41071.100861	-36.547974	1.000000
41071.800873	-36.619755	1.000000
41072.500885	-36.378288	1.000000
41076.000631	-36.449909	1.000000
41078.800678	-36.560467	1.000000
41082.300738	-36.635597	1.000000
41085.100785	-36.279140	1.000000
41087.200820	-36.477448	1.000000
41087.900728	-26.796339	1.000000
41089.300752	-37.498585	1.000000
41091.400892	519.508606	1.000000
41091.400892	-50.518581	1.000000
41092.800811	-36.313274	1.000000
41096.300870	-36.473503	1.000000
41098.400593	-39.608871	1.000000
41098.400593	-36.097759	1.000000
41098.400593	-70.855797	1.000000
41100.500628	-36.212147	1.000000
41101.200745	-36.141190	1.000000
41102.600664	-36.327507	1.000000
41103.300676	-41.593151	1.000000
41106.800735	-36.289650	1.000000
41107.500747	-42.750603	1.000000
41111.000806	239.807602	1.000000
41111.700818	-36.488720	1.000000
41118.700832	-36.521847	1.000000
41119.400844	-45.366871	1.000000
41122.900590	-36.694920	1.000000
41125.700742	-49.759148	1.000000
41129.200697	-36.578922	1.000000
41131.300732	-36.622410	1.000000
41132.000744	-36.564743	1.000000
41133.400768	-74.850433	1.000000
41134.100780	-36.356510	1.000000
41135.500804	-36.598293	1.000000
41137.600735	-36.408802	1.000000
41141.100794	-36.365768	1.000000
41143.900633	-36.413414	1.000000
41144.600645	-37.259979	1.000000
41150.900751	-36.670864	1.000000
41161.400825	-46.185879	1.000000
41163.500860	182.582901	1.000000
41176.100656	-37.296722	1.000000
41178.900808	-38.057571	1.000000
41181.700751	-36.779522	1.000000
41183.800787	-36.555218	1.000000
41184.500799	-36.647629	1.000000
41190.100893	-36.618759	1.000000
41191.500604	-17.023951	1.000000
41193.600640	-36.422993	1.000000
41194.300652	-36.691933	1.000000
41196.400687	-36.770229	1.000000
41199.200734	-36.600796	1.000000
41203.400806	-36.446011	1.000000
41205.500737	-36.537498	1.000000
41209.700808	150.324646	1.000000
41213.200867	-36.712986	1.000000
41213.900879	-37.394798	1.000000
41213.900879	-36.846947	1.000000
41215.300590	168.618164	1.000000
41216.700613	-36.817627	1.000000
41218.800753	-36.695393	1.000000
41224.400744	-37.829502	1.000000
41224.400744	-36.740681	1.000000
41227.200791	-36.751190	1.000000
41228.600815	-36.730816	1.000000
41237.700865	-37.043694	1.000000
41238.400668	-36.856636	1.000000
41239.800587	-36.861736	1.000000
41246.100694	-36.906464	1.000000
41246.800706	-36.493809	1.000000
41248.200729	-36.439671	1.000000
41249.600753	-36.650303	1.000000
41251.700789	-36.531776	1.000000
41255.900756	481.574860	1.000000
41257.300884	-36.579620	1.000000
41263.600677	-36.581047	1.000000
41265.000597	-36.564137	1.000000
41274.800763	-36.740192	1.000000
41277.600810	-36.694588	1.000000
41281.100869	-37.074917	1.000000
41287.400663	-36.644073	1.000000
41289.500594	-36.651997	1.000000
41291.600734	-36.538563	1.000000
41292.300746	-41.804852	1.000000
41297.200829	220.007141	1.000000
41298.600748	-36.710812	1.000000
41301.400796	-36.201385	1.000000
41311.200649	-36.346035	1.000000
41318.200663	-35.926067	1.000000
41320.300698	-36.558762	1.000000
41323.800758	-35.846531	1.000000
41328.700840	-36.110847	1.000000
41333.600610	-36.176521	1.000000
41341.300741	-36.395531	1.000000
41344.100788	-36.455952	1.000000
41356.000885	-36.972118	1.000000
41357.400596	-36.894508	1.000000
41361.600667	-37.152641	1.000000
41373.500764	499.183746	1.000000
41374.200776	-37.445873	1.000000
41375.600800	-37.732334	1.000000
41376.300812	-37.821129	1.000000
41377.000824	-37.623672	1.000000
41377.700835	-37.357021	1.000000
41379.100859	-37.370296	1.000000
41379.800662	-37.636204	1.000000
41381.200686	-37.475349	1.000000
41388.900712	334.743042	1.000000
41388.900712	-37.845810	1.000000
41390.300736	-37.805077	1.000000
41391.000748	-37.793991	1.000000
41391.700760	-37.695343	1.000000
41395.200819	-37.549065	1.000000
41396.600738	-37.569668	1.000000
41400.100797	-37.783363	1.000000
41405.700684	-37.476944	1.000000
41408.500731	-37.291107	1.000000
41409.900755	-37.613106	1.000000
41415.500745	-37.181511	1.000000
41416.900769	-37.308868	1.000000
41420.400828	-37.188168	1.000000
41437.200695	-36.952133	1.000000
41437.900707	-36.863541	1.000000
41439.300731	-36.796608	1.000000
41446.300849	-36.726158	1.000000
41447.000861	-54.752628	1.000000
41448.400885	548.020630	1.000000
41453.300655	-36.879654	1.000000
41454.700679	-36.567364	1.000000
41456.100702	-36.319733	1.000000
41457.500726	-36.718319	1.000000
41461.000681	-36.277351	1.000000
41461.700797	-36.737835	1.000000
41463.100821	-36.869045	1.000000
41465.200752	-36.300819	1.000000
41466.600776	-61.088287	1.000000
41468.000799	-36.606236	1.000000
41470.800847	-51.167374	1.000000
41471.500859	-36.643101	1.000000
41476.400629	423.958038	1.000000
41477.100641	-36.405769	1.000000
41477.800652	-36.556755	1.000000
41479.200676	-36.439842	1.000000
41489.700750	-36.654209	1.000000
41494.600832	294.657501	1.000000
41494.600832	-36.348949	1.000000
41495.300844	-36.453480	1.000000
41496.000856	170.095245	1.000000
41498.100683	213.171082	1.000000
41498.100683	-36.396889	1.000000
41499.500602	-36.370220	1.000000
41503.000662	-36.408466	1.000000
41503.000662	-37.779690	1.000000
41504.400685	-36.177010	1.000000
41508.600757	-64.777321	1.000000
41522.600681	-61.770596	1.000000
41529.600695	-57.757362	1.000000
41532.400742	434.883636	1.000000
41533.100754	-57.810215	1.000000
41534.500778	-37.130238	1.000000
41537.300825	605.020203	1.000000
41539.400756	-37.149269	1.000000
41541.500896	-37.183399	1.000000
41542.900816	-38.360668	1.000000
41550.600737	-36.772739	1.000000
41552.000761	-37.155201	1.000000
41556.900740	-36.728989	1.000000
41557.600752	536.231201	1.000000
41566.700906	-36.539749	1.000000
41566.700906	-56.695732	1.000000
41570.900664	-36.723415	1.000000
41573.700711	-36.662289	1.000000
41575.800747	-36.773102	1.000000
41577.900678	-36.747746	1.000000
41580.000818	-36.432415	1.000000
41581.400737	-52.836800	1.000000
41584.200785	-56.389240	1.000000
41584.900796	-36.874638	1.000000
41585.600808	-37.138016	1.000000
41586.300820	586.418091	1.000000
41586.300820	-51.880154	1.000000
41587.700844	-36.680920	1.000000
41588.400856	-37.092167	1.000000
41593.300626	-41.152210	1.000000
41596.800685	-36.802765	1.000000
41599.600732	-56.105419	1.000000
41601.000756	-36.866261	1.000000
41606.600747	-36.941406	1.000000
41608.000770	-36.755611	1.000000
41611.500829	-36.695946	1.000000
41617.800623	-37.174522	1.000000
41618.500635	-36.930305	1.000000
41619.900763	-36.978439	1.000000
41621.300682	-40.795128	1.000000
41622.000694	-36.857327	1.000000
41625.500754	-36.946888	1.000000
41626.900673	-36.972069	1.000000
41627.600789	-55.061420	1.000000
41637.400851	-36.751423	1.000000
41638.800874	-36.753647	1.000000
41639.500678	-36.606544	1.000000
41640.200689	-37.043156	1.000000
41641.600609	-55.561691	1.000000
41643.000633	-55.851826	1.000000
41646.500692	-36.636143	1.000000
41652.800798	-36.891521	1.000000
41652.800798	-71.105530	1.000000
41661.900848	-36.548042	1.000000
41672.400713	-36.834179	1.000000
41673.800737	-36.449451	1.000000
41676.600784	-37.502594	1.000000
41680.800751	561.826904	1.000000
41687.800661	-36.742996	1.000000
41690.600708	-54.196190	1.000000
41691.300720	-36.708958	1.000000
41692.000732	-37.045643	1.000000
41692.700744	-63.803185	1.000000
41694.800675	-47.631363	1.000000
41694.800675	-53.472691	1.000000
41697.600722	-56.493786	1.000000
41700.400770	-36.987503	1.000000
41701.100782	-37.304794	1.000000
41706.000865	-36.894363	1.000000
41706.000865	-54.322411	1.000000
41709.500819	-44.330883	1.000000
41711.600646	-36.964897	1.000000
41717.200741	-36.972874	1.000000
41718.600765	458.982208	1.000000
41719.300672	-42.522167	1.000000
41719.300672	-53.099335	1.000000
41719.300672	-80.648811	1.000000
41720.700800	-37.155903	1.000000
41722.800836	-37.340069	1.000000
41724.200755	-37.268753	1.000000
41727.000803	-37.262917	1.000000
41730.500862	248.136230	1.000000
41731.200874	-36.979904	1.000000
41733.300909	-54.512314	1.000000
41735.400632	-37.150822	1.000000
41736.100644	-37.424320	1.000000
41736.800760	-57.180000	1.000000
41737.500668	-37.061001	1.000000
41740.300715	-52.976967	1.000000
41747.300833	-37.030594	1.000000
41748.700753	-37.084339	1.000000
41750.800788	-37.025665	1.000000
41752.200812	-37.406754	1.000000
41752.900824	-54.163139	1.000000
41756.400883	579.938660	1.000000
41757.100895	-52.854153	1.000000
41759.900630	-37.275352	1.000000
41762.700677	-36.962090	1.000000
41764.800712	-36.979996	1.000000
41767.600760	-53.231152	1.000000
41769.700795	-37.118301	1.000000
41771.800831	-37.134869	1.000000
41773.200750	-55.824909	1.000000
41774.600774	-37.027458	1.000000
41775.300786	-37.168781	1.000000
41776.700810	-54.177200	1.000000
41776.700810	-52.736744	1.000000
41779.500857	3.281073	1.000000
41779.500857	-36.961182	1.000000
41780.900881	-36.997589	1.000000
41783.700615	-37.044762	1.000000
41783.700615	-54.113873	1.000000
41785.100639	-36.878792	1.000000
41786.500767	-53.545895	1.000000
41787.900686	-53.836784	1.000000
41788.600698	-37.187454	1.000000
41790.000722	-36.948421	1.000000
41792.100757	-52.188133	1.000000
41792.100757	-36.864208	1.000000
41801.900819	-36.910191	1.000000
41804.000854	-53.400597	1.000000
41804.700658	-53.447941	1.000000
41804.700658	-52.190231	1.000000
41806.800693	-36.827381	1.000000
41808.200717	-36.637409	1.000000
41813.100696	-36.746494	1.000000
41816.600755	-36.754887	1.000000
41817.300767	-52.277592	1.000000
41819.400802	-36.519112	1.000000
41822.200745	-51.898636	1.000000
41825.000897	-36.781769	1.000000
41825.700909	-66.992233	1.000000
41826.400816	-36.820595	1.000000
41829.900667	-52.214607	1.000000
41830.600679	-36.794300	1.000000
41831.300691	-54.133190	1.000000
41834.100738	-54.649265	1.000000
41835.500762	-36.936901	1.000000
41837.600693	-36.631401	1.000000
41839.000821	-36.601704	1.000000
41843.900800	-52.032616	1.000000
41853.000641	-37.002075	1.000000
41853.700653	-36.966064	1.000000
41854.400665	-36.787952	1.000000
41855.100676	-37.047977	1.000000
41867.700785	-37.001045	1.000000
41870.500833	309.777222	1.000000
41871.200845	-51.524654	1.000000
41872.600868	-51.739052	1.000000
41875.400603	-36.770203	1.000000
41876.800627	-36.688251	1.000000
41881.000698	-56.361729	1.000000
41882.400721	-51.367027	1.000000
41882.400721	-36.870914	1.000000
41884.500757	-52.042526	1.000000
41885.200769	-36.962536	1.000000
41887.300804	-36.942253	1.000000
41890.100747	-36.561710	1.000000
41892.200783	-36.595795	1.000000
41895.700842	-51.865036	1.000000
41899.200693	-51.327667	1.000000
41899.200693	-51.964474	1.000000
41902.000636	-36.663002	1.000000
41902.700648	-36.821930	1.000000
41904.100671	-36.497658	1.000000
41904.800683	-36.727669	1.000000
41909.000754	-36.832611	1.000000
41909.700766	-36.694199	1.000000
41910.400778	-36.989597	1.000000
41912.500814	-36.630325	1.000000
41913.900837	-51.324879	1.000000
41921.600863	-36.911522	1.000000
41922.300875	-52.001270	1.000000
41925.800726	-37.366547	1.000000
41930.700704	-36.651810	1.000000
41936.300799	-36.916870	1.000000
41943.300813	-36.692215	1.000000
41945.400849	-51.581676	1.000000
41946.800664	-36.526192	1.000000
41948.900700	-36.622089	1.000000
41949.600607	-51.216373	1.000000
41950.300619	-53.416992	1.000000
41951.000735	-49.912071	1.000000
41951.000735	-53.908695	1.000000
41953.100771	-36.623203	1.000000
41955.200702	-36.824127	1.000000
41955.900714	-51.102837	1.000000
41955.900714	-36.665314	1.000000
41960.800797	-36.342640	1.000000
41962.900832	-36.626385	1.000000
41979.000688	-50.951496	1.000000
41981.800839	-36.995865	1.000000
41983.200759	-37.042397	1.000000
41983.900771	-37.033070	1.000000
41985.300794	-37.099495	1.000000
41986.700818	-37.056019	1.000000
41988.100842	-37.048515	1.000000
41989.500865	-51.824608	1.000000
41995.800659	484.227234	1.000000
41997.900695	281.882477	1.000000
41997.900695	-52.110596	1.000000
42002.100766	-37.120552	1.000000
42003.500685	-37.235092	1.000000
42004.200697	-37.127777	1.000000
42007.000744	-37.040325	1.000000
42008.400768	594.567200	1.000000
42009.800792	-37.277145	1.000000
42010.500804	-37.438038	1.000000
42014.700875	328.155457	1.000000
42020.300657	-36.583363	1.000000
42023.100704	-36.844975	1.000000
42023.800716	-36.608681	1.000000
42025.900751	-36.705410	1.000000
42026.600763	-36.712326	1.000000
42028.000787	-36.488655	1.000000
42028.700799	-36.579655	1.000000
42030.100822	-36.869408	1.000000
42036.400825	-36.583637	1.000000
42038.500860	-36.568428	1.000000
42043.400630	-36.670200	1.000000
42044.100747	-36.435375	1.000000
42045.500770	-36.627514	1.000000
42054.600820	-51.264534	1.000000
42054.600820	-36.893944	1.000000
42055.300832	-36.947369	1.000000
42056.700751	-36.788383	1.000000
42058.800891	-43.237553	1.000000
42060.200915	-51.074253	1.000000
42065.100685	-36.747215	1.000000
42070.000768	-37.196400	1.000000
42071.400687	-36.808628	1.000000
42072.100699	-36.827328	1.000000
42074.900746	-36.782833	1.000000
42079.800829	-36.572220	1.000000
42080.500841	-50.536324	1.000000
42091.700718	-36.460747	1.000000
42096.600696	-36.682961	1.000000
42097.300708	-50.651035	1.000000
42099.400848	-36.747803	1.000000
42100.800768	-36.378365	1.000000
42105.700850	-36.465076	1.000000
42107.100874	435.484619	1.000000
42107.800886	-37.325520	1.000000
42107.800886	-36.638523	1.000000
42111.300632	-36.732819	1.000000
42123.900846	-36.999889	1.000000
42126.700789	-37.375828	1.000000
42130.200848	-37.362858	1.000000
42133.000895	-42.778908	1.000000
42135.100618	-37.043530	1.000000
42142.100736	-37.311623	1.000000
42144.900680	-37.019665	1.000000
42146.300808	-37.322018	1.000000
42147.700831	-42.090588	1.000000
42149.100751	-37.143539	1.000000
42149.800763	-50.658005	1.000000
42154.000834	-37.129219	1.000000
42161.000639	-37.409554	1.000000
42162.400767	-42.302269	1.000000
42163.100779	-36.967030	1.000000
42165.200710	-37.082783	1.000000
42167.300746	-37.197903	1.000000
42168.000758	-37.248627	1.000000
42170.100793	-36.994999	1.000000
42171.500817	-52.348053	1.000000
42172.900841	-71.012032	1.000000
42172.900841	-54.444427	1.000000
42177.100912	-36.632011	1.000000
42177.800819	-36.935673	1.000000
42186.200649	-36.514816	1.000000
42187.600777	-36.533482	1.000000
42189.700708	-50.630989	1.000000
42189.700708	-37.035751	1.000000
42191.100731	-51.923607	1.000000
42192.500755	-36.856686	1.000000
42193.900779	-42.741985	1.000000
42193.900779	-47.871628	1.000000
42200.200781	-36.560669	1.000000
42202.300817	-36.729084	1.000000
42203.000829	398.648163	1.000000
42203.000829	-36.041138	1.000000
42208.600610	217.409042	1.000000
42209.300622	-55.207928	1.000000
42210.700750	-36.231155	1.000000
42211.400762	-36.198704	1.000000
42212.100774	-50.671886	1.000000
42217.000753	-36.178654	1.000000
42221.200824	-36.477425	1.000000
42224.700883	-36.557625	1.000000
42230.300665	-50.238186	1.000000
42230.300665	-54.439140	1.000000
42231.000677	-36.610615	1.000000
42231.700689	-36.482365	1.000000
42234.500736	-36.546318	1.000000
42234.500736	-64.461777	1.000000
42234.500736	-61.729595	1.000000
42235.900760	-36.484974	1.000000
42238.700703	-36.470928	1.000000
42239.400715	-36.679520	1.000000
42240.100726	-36.653847	1.000000
42241.500750	-36.770844	1.000000
42243.600786	-36.659977	1.000000
42251.300916	-50.956223	1.000000
42254.800662	-36.665699	1.000000
42263.200805	242.220932	1.000000
42265.300840	-50.558994	1.000000
42266.700760	-36.409393	1.000000
42269.500807	-36.333813	1.000000
42270.200819	-50.831406	1.000000
42272.300854	-36.614326	1.000000
42274.400890	-36.656334	1.000000
42276.500821	-36.508141	1.000000
42278.600648	-50.915413	1.000000
42280.700684	-36.954926	1.000000
42282.800719	-39.560539	1.000000
42284.200743	-36.945126	1.000000
42285.600767	180.850769	1.000000
42288.400814	-37.199680	1.000000
42289.100826	-37.050022	1.000000
42290.500849	-37.152714	1.000000
42291.200757	-37.116268	1.000000
42294.000909	-37.114754	1.000000
42296.800852	-36.966805	1.000000
42297.500864	-37.074196	1.000000
42298.900887	-36.921139	1.000000
42299.600899	-36.796181	1.000000
42300.300702	-37.004112	1.000000
42304.500774	68.154114	1.000000
42305.200681	-36.679371	1.000000
42305.200681	-37.252213	1.000000
42308.700740	-36.595367	1.000000
42317.100778	-36.676117	1.000000
42317.800790	-36.670132	1.000000
42319.200918	-36.876877	1.000000
42319.900826	-170.879761	1.000000
42321.300849	-40.749020	1.000000
42322.700873	537.041748	1.000000
42325.500712	-36.799950	1.000000
42326.900631	-36.698395	1.000000
42327.600643	-36.671154	1.000000
42329.000771	-36.607727	1.000000
42331.800714	-36.504539	1.000000
42336.700797	-51.820934	1.000000
42338.100821	-51.322433	1.000000
42338.800833	-49.301533	1.000000
42344.400823	-36.819130	1.000000
42345.800847	-37.066788	1.000000
42347.200662	-39.057590	1.000000
42349.300697	-36.965469	1.000000
42350.000709	336.782074	1.000000
42351.400733	-36.993633	1.000000
42358.400747	-39.076870	1.000000
42359.100759	-45.561684	1.000000
42359.800771	-36.722214	1.000000
42363.300830	-37.175716	1.000000
42364.700854	-36.928829	1.000000
42370.300844	-50.611362	1.000000
42378.700778	-37.117016	1.000000
42382.900849	-50.830364	1.000000
42382.900849	-37.063240	1.000000
42383.600757	-37.074940	1.000000
42384.300768	-37.032223	1.000000
42390.600875	-43.157143	1.000000
42393.400922	-37.283447	1.000000
42394.100830	-37.028008	1.000000
42396.200657	617.218262	1.000000
42396.200657	-50.682163	1.000000
42399.700716	-49.400478	1.000000
42402.500764	-50.667385	1.000000
42403.900683	-37.047764	1.000000
42404.600695	-36.982216	1.000000
42406.000823	-36.937778	1.000000
42407.400846	-37.121922	1.000000
42410.900801	-37.185616	1.000000
42412.300825	-37.291340	1.000000
42413.000837	-37.081135	1.000000
42413.700849	-36.686760	1.000000
42415.100873	-50.672935	1.000000
42416.500896	-36.659256	1.000000
42421.400666	-50.756516	1.000000
42421.400666	-59.324547	1.000000
42427.000761	-36.700508	1.000000
42429.100797	-51.202465	1.000000
42432.600856	-41.556725	1.000000
42436.800823	-36.553497	1.000000
42437.500834	-47.931881	1.000000
42438.200846	-36.332371	1.000000
42441.700697	-52.809502	1.000000
42443.800628	-36.633068	1.000000
42445.200652	-36.834644	1.000000
42445.900664	110.553833	1.000000
42447.300687	78.146599	1.000000
42448.000699	-36.349117	1.000000
42452.900782	-50.893379	1.000000
42457.800761	-36.438824	1.000000
42460.600913	294.572113	1.000000
42460.600913	-36.440685	1.000000
42462.000832	-36.494129	1.000000
42463.400856	-36.547150	1.000000
42467.600614	-36.465763	1.000000
42468.300730	-36.635815	1.000000
42469.700754	-36.695248	1.000000
42471.100777	-37.251049	1.000000
42471.100777	-52.765991	1.000000
42471.800685	-36.670750	1.000000
42473.900720	-36.801369	1.000000
42474.600732	-36.669586	1.000000
42480.200827	-36.563801	1.000000
42481.600851	-57.721767	1.000000
42485.800922	-36.827972	1.000000
42487.200841	-36.917107	1.000000
42488.600865	-36.656460	1.000000
42490.700692	557.152222	1.000000
42494.900763	-36.650940	1.000000
42497.000694	-36.828495	1.000000
42501.900777	576.656311	1.000000
42501.900777	-36.684517	1.000000
42508.900896	-36.390362	1.000000
42508.900896	-38.194561	1.000000
42511.700839	-40.420704	1.000000
42519.400761	-50.949818	1.000000
42522.200704	-36.299881	1.000000
42526.400775	-36.565620	1.000000
42527.100787	-36.385780	1.000000
42532.700881	-36.695683	1.000000
42535.500929	-36.320461	1.000000
42536.900640	-36.337559	1.000000
42539.700687	-50.817318	1.000000
42541.100711	-50.984154	1.000000
42546.700701	-36.508022	1.000000
42549.500853	-51.061405	1.000000
42549.500853	-52.271214	1.000000
42550.900772	-36.678604	1.000000
42553.000808	-36.501785	1.000000
42555.800855	-36.970806	1.000000
42558.600903	-51.082813	1.000000
42560.000718	-40.409664	1.000000
42560.700625	-40.482067	1.000000
42561.400637	-37.775578	1.000000
42562.100649	-36.680408	1.000000
42562.800661	-36.654274	1.000000
42567.700744	-36.614948	1.000000
42568.400756	-36.684738	1.000000
42570.500791	-36.653381	1.000000
42571.200803	-36.590359	1.000000
42574.700758	-36.472965	1.000000
42576.100782	-36.881298	1.000000
42578.200817	-36.699486	1.000000
42578.900829	-45.149151	1.000000
42578.900829	-46.716541	1.000000
42580.300853	-36.393761	1.000000
42582.400888	-36.708012	1.000000
42585.200623	-36.437832	1.000000
42588.000774	-36.509323	1.000000
42588.700786	216.453857	1.000000
42588.700786	-49.507462	1.000000
42589.400694	-45.424477	1.000000
42590.800717	-51.747730	1.000000
42596.400812	-43.088749	1.000000
42597.800836	-51.476646	1.000000
42598.500848	-50.973454	1.000000
42603.400826	-50.790138	1.000000
42603.400826	-37.126202	1.000000
42604.800850	-36.888451	1.000000
42606.200874	-37.018482	1.000000
42609.000713	-37.116421	1.000000
42611.100748	-36.980869	1.000000
42613.200784	-51.227268	1.000000
42613.200784	-37.074043	1.000000
42618.100762	-36.924908	1.000000
42618.800774	-36.882298	1.000000
42620.900810	-37.019909	1.000000
42621.600822	555.980469	1.000000
42623.700857	-36.785198	1.000000
42624.400765	435.376495	1.000000
42625.100777	-36.986446	1.000000
42625.800893	-36.936390	1.000000
42626.500905	-36.951542	1.000000
42630.000859	-50.771599	1.000000
42633.500710	-36.996071	1.000000
42634.900734	-36.936443	1.000000
42637.000769	-36.969074	1.000000
42639.800712	-54.295551	1.000000
42641.200736	-36.966660	1.000000
42643.300772	-37.055901	1.000000
42644.000784	-50.972012	1.000000
42646.800831	-37.129547	1.000000
42648.900867	-37.293594	1.000000
42650.300890	-37.061474	1.000000
42650.300890	-39.720997	1.000000
42651.000902	-37.236195	1.000000
42651.700914	-37.303326	1.000000
42652.400926	-37.039017	1.000000
42656.600684	-37.101677	1.000000
42658.000708	-50.430843	1.000000
42662.200779	-50.586945	1.000000
42663.600698	-37.147011	1.000000
42664.300710	-37.197254	1.000000
42667.100862	-37.301136	1.000000
42667.800769	-37.276089	1.000000
42669.200793	-37.478333	1.000000
42674.100876	-45.035038	1.000000
42674.100876	-36.821949	1.000000
42674.800888	-37.133137	1.000000
42676.900923	-36.911560	1.000000
42679.700658	-36.894302	1.000000
42680.400670	-36.901848	1.000000
42683.200717	-45.164272	1.000000
42683.900729	-37.378819	1.000000
42684.600741	600.432373	1.000000
42685.300753	-38.029839	1.000000
42688.100800	-36.901634	1.000000
42688.800812	-37.520790	1.000000
42689.500824	-36.714409	1.000000
42690.900847	-37.063774	1.000000
42692.300767	-36.961506	1.000000
42693.000779	-55.623737	1.000000
42693.700790	-37.027977	1.000000
42694.400802	-37.423241	1.000000
42695.800826	-37.208797	1.000000
42697.200850	-36.867035	1.000000
42698.600873	-37.060947	1.000000
42701.400712	-36.689785	1.000000
42702.100620	-50.694790	1.000000
42702.100620	-37.024254	1.000000
42703.500643	-36.668419	1.000000
42706.300691	-50.920109	1.000000
42708.400726	-36.739464	1.000000
42709.100738	-36.594048	1.000000
42709.100738	-51.225368	1.000000
42709.800750	-36.688988	1.000000
42711.900786	-36.912022	1.000000
42712.600797	-37.320568	1.000000
42714.700833	-36.816418	1.000000
42716.800764	-36.949608	1.000000
42718.200788	-51.068562	1.000000
42718.200788	-36.533955	1.000000
42721.700847	-36.739704	1.000000
42723.800883	-36.848602	1.000000
42724.500895	-37.074463	1.000000
42725.200698	-36.361168	1.000000
42725.900710	-37.935863	1.000000
42732.200712	-62.291710	1.000000
42736.400783	-36.273396	1.000000
42737.800807	-36.520000	1.000000
42744.100913	-36.383873	1.000000
42746.200845	-36.523491	1.000000
42748.300672	-36.711044	1.000000
42750.400707	-36.388321	1.000000
42757.400721	-36.636486	1.000000
42759.500861	-36.731152	1.000000
42760.200769	-36.602592	1.000000
42763.700828	-36.556194	1.000000
42764.400840	-54.063526	1.000000
42766.500875	-50.817245	1.000000
42766.500875	-37.153637	1.000000
42770.000830	-36.565014	1.000000
42770.700842	-36.762501	1.000000
42776.300728	-53.776234	1.000000
42777.700752	-36.791187	1.000000
42779.100776	105.154228	1.000000
42781.200707	-50.763966	1.000000
42783.300743	-51.894428	1.000000
42787.500814	-36.658974	1.000000
42789.600849	-34.597218	1.000000
42790.300861	-36.454651	1.000000
42791.000873	-51.459427	1.000000
42791.700885	-36.786739	1.000000
42793.100908	-36.492226	1.000000
42794.500932	-36.749790	1.000000
42802.900761	-36.863041	1.000000
42803.600773	-36.932354	1.000000
42804.300785	-51.641411	1.000000
42805.000693	-50.737888	1.000000
42805.700704	-37.181419	1.000000
42806.400821	-54.469334	1.000000
42807.100832	-50.803486	1.000000
42811.300799	62.153393	1.000000
42812.700823	-36.940220	1.000000
42813.400835	-50.932682	1.000000
42814.100847	-50.941147	1.000000
42814.800858	-37.018513	1.000000
42817.600906	-37.112587	1.000000
42818.300918	-37.209625	1.000000
42819.700629	-51.261131	1.000000
42820.400640	-37.059937	1.000000
42821.800664	-41.007481	1.000000
42823.200792	-46.354824	1.000000
42823.900700	-36.839893	1.000000
42825.300723	547.081543	1.000000
42826.000735	-50.878075	1.000000
42826.700747	-37.073814	1.000000
42827.400759	-44.627819	1.000000
42828.100771	-36.876213	1.000000
42830.200702	-55.240143	1.000000
42832.300842	-51.328377	1.000000
42832.300842	-50.760326	1.000000
42835.100785	574.083130	1.000000
42838.600844	-36.793022	1.000000
42842.100903	-36.654449	1.000000
42842.800707	-36.787487	1.000000
42843.500718	-48.344563	1.000000
42844.200626	-36.855961	1.000000
42845.600650	-45.637215	1.000000
42846.300662	-36.692932	1.000000
42846.300662	-51.429890	1.000000
42847.000778	-36.819950	1.000000
42849.800721	-37.017269	1.000000
42851.200745	536.537659	1.000000
42851.200745	-51.512535	1.000000
42853.300780	-36.941360	1.000000
42854.700804	-36.786278	1.000000
42856.100827	-36.912354	1.000000
42859.600782	-36.942604	1.000000
42860.300794	-50.932076	1.000000
42860.300794	-36.954124	1.000000
42861.000806	-50.936680	1.000000
42861.700922	-37.021011	1.000000
42862.400934	-50.615906	1.000000
42868.700624	-36.500763	1.000000
42869.400635	-50.821514	1.000000
42870.100647	480.551300	1.000000
42872.900695	-53.311226	1.000000
42873.600706	-37.298229	1.000000
42876.400754	-36.859253	1.000000
42878.500789	-36.858849	1.000000
42880.600825	-51.049129	1.000000
42882.000849	-36.916599	1.000000
42882.700861	-36.965111	1.000000
42883.400768	-51.268780	1.000000
42884.100780	-37.175934	1.000000
42886.200920	-36.764641	1.000000
42887.600839	-36.944946	1.000000
42889.000863	-36.735977	1.000000
42891.100690	497.019470	1.000000
42891.100690	-36.965775	1.000000
42891.800702	-37.097672	1.000000
42893.900737	-36.832947	1.000000
42896.000773	-46.753731	1.000000
42896.700785	-36.974812	1.000000
42898.100704	-50.930077	1.000000
42899.500728	-37.143703	1.000000
42901.600868	-37.116020	1.000000
42907.200858	-36.838924	1.000000
42907.900870	-36.917976	1.000000
42908.600882	-51.220181	1.000000
42910.000905	-36.692886	1.000000
42912.100837	-64.969589	1.000000
42912.800848	-37.182335	1.000000
42914.900675	-37.003304	1.000000
42917.000711	-36.665691	1.000000
42920.500770	-36.903576	1.000000
42921.200782	-50.760132	1.000000
42921.200782	-36.715805	1.000000
42921.900794	-36.990250	1.000000
42926.100865	-37.016548	1.000000
42927.500784	-36.797485	1.000000
42932.400867	-36.563805	1.000000
42935.200915	-36.878952	1.000000
42935.900927	-36.672855	1.000000
42936.600938	-36.827888	1.000000
42937.300637	-51.096577	1.000000
42939.400673	-36.838020	1.000000
42946.400791	-36.949440	1.000000
42947.100699	-50.649925	1.000000
42949.200839	-36.691593	1.000000
42949.900851	-51.208569	1.000000
42950.600863	-45.089401	1.000000
42951.300770	-36.690575	1.000000
42952.000782	-318.280945	1.000000
42952.700794	-36.702057	1.000000
42956.900865	-36.731686	1.000000
42957.600877	418.969208	1.000000
42959.000900	-36.801594	1.000000
42962.500647	26.468447	1.000000
42962.500647	-39.725163	1.000000
42962.500647	-36.640156	1.000000
42966.000706	-54.678074	1.000000
42967.400730	-50.636700	1.000000
42970.200777	-36.538441	1.000000
42970.900789	-36.589916	1.000000
42972.300813	-55.367512	1.000000
42974.400848	-36.382061	1.000000
42976.500779	-51.983467	1.000000
42977.900803	-50.994774	1.000000
42980.000839	-50.605011	1.000000
42980.700850	23.753176	1.000000
42982.800886	-36.538429	1.000000
42983.500898	-41.223572	1.000000
42984.200701	-51.154247	1.000000
42984.900713	-37.911366	1.000000
42986.300632	-36.393894	1.000000
42987.700656	-36.728897	1.000000
42988.400668	561.278992	1.000000
42995.400786	-51.221733	1.000000
42999.600857	-36.958313	1.000000
43001.000777	-36.785683	1.000000
43002.400801	-36.914806	1.000000
43005.900860	-36.634548	1.000000
43008.700699	-36.690128	1.000000
43010.100722	-36.533310	1.000000
43010.800630	-36.562302	1.000000
43012.900770	-36.759174	1.000000
43013.600782	-36.969788	1.000000
43015.000701	-36.729439	1.000000
43018.500760	-51.652580	1.000000
43019.900784	-36.620701	1.000000
43022.000819	389.886658	1.000000
43025.500879	-36.737061	1.000000
43026.900902	-36.961353	1.000000
43032.500684	585.759949	1.000000
43036.700755	-36.819065	1.000000
43038.100779	-36.727470	1.000000
43038.800791	-36.828651	1.000000
43043.000862	-36.747684	1.000000
43046.500817	-36.725922	1.000000
43048.600852	-37.115437	1.000000
43049.300864	-36.886192	1.000000
43050.000772	-36.854614	1.000000
43051.400900	-36.933563	1.000000
43052.100912	-50.893181	1.000000
43052.100912	-49.029175	1.000000
43054.900855	-50.736942	1.000000
43057.700694	-36.635967	1.000000
43064.000800	-36.377300	1.000000
43073.800862	-39.529293	1.000000
43096.200824	-37.410694	1.000000
43101.800919	-37.099487	1.000000
43104.600653	-40.286144	1.000000
43111.600772	-36.626572	1.000000
43114.400819	668.219177	1.000000
43114.400819	669.962280	1.000000
43115.100831	-36.903103	1.000000
43117.900774	-36.984039	1.000000
43118.600786	-51.675980	1.000000
43119.300798	-47.333706	1.000000
43120.000809	-42.584702	1.000000
43120.000809	-36.587196	1.000000
43121.400937	-36.700245	1.000000
43122.100845	-36.520588	1.000000
43122.800857	-36.673023	1.000000
43125.600904	-36.682846	1.000000
43129.100755	-36.685600	1.000000
43134.000733	-141.817337	1.000000
43138.900816	-48.711857	1.000000
43138.900816	-36.749763	1.000000
43144.500911	-36.989815	1.000000
43148.700878	661.736755	1.000000
43150.100693	-37.002796	1.000000
43150.100693	-40.722370	1.000000
43152.200729	-37.126225	1.000000
43154.300764	658.849609	1.000000
43155.700788	-52.602341	1.000000
43156.400800	672.852600	1.000000
43156.400800	650.162781	1.000000
43159.200743	-36.694027	1.000000
43170.400932	709.171509	1.000000
43170.400932	707.368347	1.000000
43176.000714	703.569397	1.000000
43177.400738	705.475647	1.000000
43177.400738	701.392639	1.000000
43183.700740	666.363220	1.000000
43185.800776	756.434875	1.000000
43186.500788	757.816956	1.000000
43186.500788	661.794800	1.000000
43201.200724	722.654846	1.000000
43202.600747	760.061035	1.000000
43202.600747	753.698975	1.000000
43212.400809	-37.087063	1.000000
43213.100821	-36.870689	1.000000
43220.800638	672.541321	1.000000
43221.500650	654.971008	1.000000
43222.900674	680.052917	1.000000
43222.900674	685.430420	1.000000
43224.300697	640.708191	1.000000
43225.000709	649.585022	1.000000
43226.400733	724.429321	1.000000
43227.100745	-37.270164	1.000000
43232.700840	698.080627	1.000000
43234.100863	730.276733	1.000000
43234.800875	707.473755	1.000000
43235.500783	679.579468	1.000000
43236.200795	716.162964	1.000000
43238.300830	730.210388	1.000000
43238.300830	705.712402	1.000000
43241.800889	741.888123	1.000000
43242.500901	723.173889	1.000000
43242.500901	696.444946	1.000000
43253.700778	719.149170	1.000000
43257.900849	714.536560	1.000000
43259.300873	706.177917	1.000000
43263.500944	731.819763	1.000000
43264.200851	727.256104	1.000000
43265.600875	722.880432	1.000000
43267.000899	725.098572	1.000000
43267.000899	633.907288	1.000000
43269.800633	703.400330	1.000000
43270.500645	1011.478516	1.000000
43270.500645	734.159546	1.000000
43271.200657	645.113831	1.000000
43272.600785	741.423035	1.000000
43273.300797	694.797180	1.000000
43274.700716	722.647217	1.000000
43274.700716	717.389099	1.000000
43276.800752	705.393616	1.000000
43278.900787	646.635925	1.000000
43280.300811	683.784119	1.000000
43281.700835	732.894775	1.000000
43282.400846	727.051880	1.000000
43282.400846	676.839539	1.000000
43283.100858	731.426392	1.000000
43284.500778	727.851807	1.000000
43285.200790	660.354309	1.000000
43285.900906	734.433533	1.000000
43288.000941	660.564331	1.000000
43288.700849	652.749573	1.000000
43292.200699	678.534973	1.000000
43295.700759	683.913879	1.000000
43295.700759	647.013916	1.000000
43297.100782	618.326904	1.000000
43299.900725	653.280457	1.000000
43302.700877	647.699951	1.000000
43303.400785	665.736877	1.000000
43313.200846	648.093018	1.000000
43314.600870	648.845825	1.000000
43316.700697	658.449524	1.000000
43316.700697	642.372681	1.000000
43325.800747	621.023499	1.000000
43327.200875	491.105896	1.000000
43327.200875	463.149719	1.000000
43328.600794	634.370850	1.000000
43330.700830	718.622681	1.000000
43340.500683	656.388428	1.000000
43341.200694	562.799988	1.000000
43355.900839	710.397644	1.000000
43359.400898	686.072876	1.000000
43362.900645	713.494751	1.000000
43365.700796	702.572021	1.000000
43366.400808	714.915283	1.000000
43372.700706	708.419434	1.000000
43373.400822	669.264465	1.000000
43376.200870	718.048401	1.000000
43376.200870	703.257141	1.000000
43376.200870	691.118469	1.000000
43376.900777	717.910339	1.000000
43377.600789	713.767578	1.000000
43377.600789	662.645752	1.000000
43378.300801	697.388916	1.000000
43380.400941	716.794922	1.000000
43380.400941	718.016785	1.000000
43382.500872	716.928162	1.000000
43383.200884	693.418335	1.000000
43385.300919	736.927917	1.000000
43385.300919	662.149353	1.000000
43386.700734	719.551575	1.000000
43387.400642	856.588318	1.000000
43387.400642	719.091736	1.000000
43390.200794	591.807556	1.000000
43393.000737	690.003662	1.000000
43395.100772	709.866882	1.000000
43397.900820	694.967407	1.000000
43397.900820	687.470703	1.000000
43398.600832	683.548462	1.000000
43400.700867	1026.727905	1.000000
43402.100787	691.913513	1.000000
43402.800798	681.749878	1.000000
43403.500810	682.174744	1.000000
43404.200926	693.614441	1.000000
43406.300858	691.792725	1.000000
43408.400893	685.063904	1.000000
43409.800708	660.273132	1.000000
43410.500720	689.397400	1.000000
43411.200732	692.200439	1.000000
43413.300768	644.593628	1.000000
43415.400803	688.905273	1.000000
43418.200746	665.535095	1.000000
43420.300782	676.435425	1.000000
43423.100829	662.876465	1.000000
43424.500853	682.895874	1.000000
43425.200865	689.479065	1.000000
43425.900877	694.487488	1.000000
43426.600784	674.264893	1.000000
43428.000912	689.397705	1.000000
43428.700924	681.224915	1.000000
43430.800855	682.798584	1.000000
43432.200879	691.545227	1.000000
43432.900682	695.410278	1.000000
43433.600694	710.776550	1.000000
43434.300706	679.746216	1.000000
43435.700729	670.383911	1.000000
43439.200789	679.148254	1.000000
43439.900801	697.681519	1.000000
43444.100767	666.463135	1.000000
43448.300838	679.350891	1.000000
43448.300838	644.671753	1.000000
43449.000850	705.570801	1.000000
43451.100886	722.218628	1.000000
43456.700668	739.437500	1.000000
43458.100691	684.573730	1.000000
43460.200727	689.837402	1.000000
43462.300763	676.666260	1.000000
43463.700786	653.912292	1.000000
43465.800717	716.678894	1.000000
43465.800717	667.952393	1.000000
43468.600869	715.053955	1.000000
43469.300881	753.739319	1.000000
43472.800836	725.252930	1.000000
43476.300895	743.251770	1.000000
43476.300895	729.560608	1.000000
43477.000907	885.901550	1.000000
43479.100943	717.868835	1.000000
43482.600689	743.421387	1.000000
43484.000713	746.029846	1.000000
43486.800760	752.448853	1.000000
43488.200784	754.947083	1.000000
43490.300715	756.225342	1.000000
43490.300715	727.151978	1.000000
43491.700843	728.649902	1.000000
43492.400855	721.445618	1.000000
43493.800879	747.002563	1.000000
43494.500786	751.989563	1.000000
43495.900810	745.517334	1.000000
43495.900810	680.736023	1.000000
43500.800893	720.114197	1.000000
43502.900928	767.424927	1.000000
43503.600731	742.291931	1.000000
43505.000651	703.144836	1.000000
43509.900734	768.048401	1.000000
43509.900734	700.674744	1.000000
43511.300758	771.238403	1.000000
43512.700781	769.491760	1.000000
43514.800712	716.097595	1.000000
43515.500829	752.248779	1.000000
43516.900852	768.797485	1.000000
43519.000784	769.437805	1.000000
43519.000784	753.142334	1.000000
43520.400807	766.379028	1.000000
43524.600878	745.233948	1.000000
43525.300890	703.481628	1.000000
43530.900672	748.944824	1.000000
43530.900672	716.462097	1.000000
43531.600788	774.461670	1.000000
43533.000812	761.507874	1.000000
43539.300814	702.547791	1.000000
43539.300814	650.235718	1.000000
43543.500781	757.522095	1.000000
43543.500781	732.346924	1.000000
43544.200793	747.349243	1.000000
43544.900805	763.460327	1.000000
43545.600921	748.184509	1.000000
43546.300933	744.405029	1.000000
43547.000945	755.749390	1.000000
43548.400864	763.192871	1.000000
43548.400864	746.966064	1.000000
43548.400864	751.932678	1.000000
43548.400864	753.676025	1.000000
43551.900715	752.388123	1.000000
43552.600726	762.974243	1.000000
43557.500809	731.247986	1.000000
43558.900729	751.989319	1.000000
43561.700776	844.016296	1.000000
43561.700776	737.563232	1.000000
43562.400788	999.605286	1.000000
43563.100800	760.663452	1.000000
43565.200835	751.435242	1.000000
43565.200835	722.719849	1.000000
43565.900847	722.733215	1.000000
43567.300871	713.311279	1.000000
43568.700895	748.751160	1.000000
43568.700895	732.843567	1.000000
43572.200850	752.719543	1.000000
43572.900862	763.503235	1.000000
43574.300677	768.912964	1.000000
43576.400712	708.017212	1.000000
43579.200760	747.077393	1.000000
43580.600783	744.425232	1.000000
43581.300795	615.278137	1.000000
43583.400726	749.877136	1.000000
43584.100738	755.996399	1.000000
43585.500866	756.378967	1.000000
43585.500866	733.731018	1.000000
43586.200878	767.050720	1.000000
43587.600797	769.971741	1.000000
43588.300809	775.703064	1.000000
43589.000821	739.566040	1.000000
43589.000821	762.301208	1.000000
43590.400845	767.300232	1.000000
43590.400845	764.642456	1.000000
43590.400845	753.984863	1.000000
43591.100857	761.926880	1.000000
43595.300928	680.536804	1.000000
43596.700951	767.360291	1.000000
43599.500686	771.395752	1.000000
43600.900710	756.575195	1.000000
43603.700757	776.069824	1.000000
43603.700757	760.164185	1.000000
43604.400769	662.331970	1.000000
43605.100781	715.270813	1.000000
43605.800793	729.855347	1.000000
43623.300672	753.057922	1.000000
43625.400811	774.223816	1.000000
43625.400811	773.493774	1.000000
43625.400811	772.838013	1.000000
43628.200755	774.592407	1.000000
43633.100837	767.919434	1.000000
43633.100837	770.852478	1.000000
43634.500861	709.875854	1.000000
43635.200873	760.550720	1.000000
43637.300804	753.887512	1.000000
43638.000816	767.807617	1.000000
43638.000816	763.604187	1.000000
43640.100852	767.790894	1.000000
43643.600911	768.512451	1.000000
43644.300923	656.952271	1.000000
43647.800669	768.171814	1.000000
43647.800669	762.946411	1.000000
43647.800669	737.365967	1.000000
43647.800669	700.683838	1.000000
43648.500681	751.804626	1.000000
43649.900809	752.471741	1.000000
43653.400764	759.556580	1.000000
43655.500799	865.553345	1.000000
43655.500799	680.130066	1.000000
43659.000859	752.846619	1.000000
43660.400882	747.302246	1.000000
43663.200825	743.330811	1.000000
43664.600953	687.078125	1.000000
43666.700885	735.885437	1.000000
43668.800712	730.883484	1.000000
43670.200735	724.794373	1.000000
43670.900643	718.333618	1.000000
43688.400939	-36.925278	1.000000
43689.100951	-36.810234	1.000000
43689.100951	-49.956036	1.000000
43714.300856	-49.017307	1.000000
43717.100695	-36.978218	1.000000
43717.800707	-36.914310	1.000000
43721.300766	253.815292	1.000000
43721.300766	-49.053093	1.000000
43722.700790	-45.736389	1.000000
43724.100813	-37.096844	1.000000
43724.800721	-37.223061	1.000000
43727.600873	-48.744595	1.000000
43729.000792	-37.029686	1.000000
43730.400816	455.886658	1.000000
43730.400816	-37.073711	1.000000
43731.100827	-36.751633	1.000000
43731.800839	-37.178360	1.000000
43736.700922	-36.911243	1.000000
43739.500657	-36.847366	1.000000
43744.400740	-36.343136	1.000000
43744.400740	-40.016907	1.000000
43745.800763	-36.885799	1.000000
43747.200787	-49.441010	1.000000
43747.900799	-36.757141	1.000000
43749.300718	394.281403	1.000000
43750.000730	-36.819641	1.000000
43757.700861	-36.733402	1.000000
43759.100884	-40.967396	1.000000
43759.800896	-36.585636	1.000000
43759.800896	-50.301590	1.000000
43763.300747	-36.993271	1.000000
43764.000654	-37.148258	1.000000
43764.700666	-36.864582	1.000000
43765.400678	-37.012184	1.000000
43766.100690	-36.895863	1.000000
43766.800702	-36.742966	1.000000
43771.000773	-36.809406	1.000000
43780.100822	-36.755894	1.000000
43781.500846	-36.691357	1.000000
43782.900870	-36.639545	1.000000
43784.300894	-49.289425	1.000000
43784.300894	-36.760185	1.000000
43788.500652	-36.438553	1.000000
43789.900675	-36.929737	1.000000
43789.900675	-53.826672	1.000000
43790.600792	-36.679447	1.000000
43791.300803	-36.574341	1.000000
43794.800758	-36.558083	1.000000
43795.500770	-36.440357	1.000000
43796.200782	-36.503685	1.000000
43796.900794	-36.899315	1.000000
43798.300818	-48.486626	1.000000
43801.800877	-37.036507	1.000000
43802.500889	-36.687065	1.000000
43803.200796	-36.631424	1.000000
43807.400867	-46.608772	1.000000
43811.600730	-36.414055	1.000000
43819.300756	-36.431885	1.000000
43820.000768	-36.652172	1.000000
43820.700780	-36.532211	1.000000
43821.400791	-36.621014	1.000000
43829.800934	-49.753319	1.000000
43829.800934	-36.729103	1.000000
43831.900865	-36.627281	1.000000
43834.000692	-36.573475	1.000000
43834.000692	-50.448059	1.000000
43834.700704	-36.928555	1.000000
43838.200763	-49.746700	1.000000
43839.600787	-49.712139	1.000000
43840.300798	-36.785484	1.000000
43841.000810	-36.893414	1.000000
43843.100742	-36.868233	1.000000
43845.200881	-36.800705	1.000000
43845.900789	-36.916553	1.000000
43846.600801	-36.923374	1.000000
43847.300813	-36.603710	1.000000
43847.300813	-37.291645	1.000000
43849.400848	-36.881889	1.000000
43850.100860	-36.858124	1.000000
43852.900907	-36.962971	1.000000
43855.700955	-52.132309	1.000000
43856.400862	422.018188	1.000000
43856.400862	-49.517345	1.000000
43856.400862	-50.073700	1.000000
43856.400862	-36.905506	1.000000
43859.200701	-50.038383	1.000000
43859.200701	-36.776161	1.000000
43863.400772	-49.471031	1.000000
43864.100784	-49.595928	1.000000
43866.900727	-37.017807	1.000000
43871.100798	-37.053898	1.000000
43872.500822	-37.124611	1.000000
43873.200834	-36.989857	1.000000
43873.900846	-36.889885	1.000000
43875.300869	-39.164436	1.000000
43877.400905	-36.869026	1.000000
43878.100917	-36.991585	1.000000
43878.800929	-50.186359	1.000000
43879.500940	-37.101700	1.000000
43880.900651	-36.961597	1.000000
43881.600663	-37.109566	1.000000
43883.000687	-36.914635	1.000000
43883.700699	-37.032040	1.000000
43885.100722	-49.282742	1.000000
43885.100722	-36.975201	1.000000
43889.300793	-49.616493	1.000000
43892.100841	-36.984211	1.000000
43895.600796	-49.077110	1.000000
43895.600796	-36.944973	1.000000
43897.700831	-49.492550	1.000000
43899.800867	-37.165039	1.000000
43902.600914	495.013245	1.000000
43906.100661	-36.530731	1.000000
43906.800672	-36.671253	1.000000
43910.300732	-37.381180	1.000000
43911.000744	-36.564495	1.000000
43912.400767	580.053040	1.000000
43912.400767	-36.729607	1.000000
43914.500803	-36.497028	1.000000
43919.400886	-48.963024	1.000000
43919.400886	-41.763035	1.000000
43920.800805	-36.510273	1.000000
43923.600957	-59.707726	1.000000
43930.600658	-48.841068	1.000000
43930.600658	-37.431450	1.000000
43931.300670	-49.404472	1.000000
43932.000786	-36.566040	1.000000
43933.400810	-36.852890	1.000000
43934.800729	-48.916023	1.000000
43936.900765	120.604927	1.000000
43937.600777	-36.704319	1.000000
43941.800848	-36.811172	1.000000
43942.500859	-48.982567	1.000000
43943.200871	-39.123043	1.000000
43943.900883	-48.873798	1.000000
43945.300803	-36.862007	1.000000
43946.700931	353.933533	1.000000
43947.400942	-36.564575	1.000000
43952.300712	-36.758087	1.000000
43956.500784	-48.756050	1.000000
43957.200795	-48.850269	1.000000
43957.200795	-39.450245	1.000000
43957.900807	333.212799	1.000000
43960.700750	-37.482143	1.000000
43961.400762	-48.526695	1.000000
43964.200810	-37.705711	1.000000
43965.600833	-36.919090	1.000000
43966.300845	-48.710289	1.000000
43966.300845	-37.206264	1.000000
43967.000857	-48.953041	1.000000
43968.400881	-36.760284	1.000000
43971.900940	-37.108810	1.000000
43971.900940	-48.940937	1.000000
43974.000871	-48.628571	1.000000
43974.700883	-37.133732	1.000000
43976.100698	-37.897633	1.000000
43976.100698	-36.973278	1.000000
43978.900746	-37.275158	1.000000
43980.300769	-37.012543	1.000000
43981.000781	-37.123440	1.000000
43981.700793	-37.024330	1.000000
43983.100817	-37.185501	1.000000
43985.900760	-48.870708	1.000000
43987.300888	-36.907326	1.000000
43990.800843	-48.760101	1.000000
43991.500854	-37.133743	1.000000
43992.900878	-36.890797	1.000000
43992.900878	-58.544304	1.000000
43994.300902	-37.115456	1.000000
43995.000914	-37.084667	1.000000
43996.400937	-48.339943	1.000000
43996.400937	-37.062714	1.000000
43997.100949	117.582924	1.000000
43997.100949	-48.488232	1.000000
43997.800961	549.979248	1.000000
43998.500869	-36.805359	1.000000
43999.900684	-36.870663	1.000000
44000.600696	-48.762573	1.000000
44001.300707	594.546509	1.000000
44002.700731	-36.825027	1.000000
44004.100755	-36.859741	1.000000
44004.800767	-36.877113	1.000000
44007.600814	-36.688503	1.000000
44013.900816	-36.599014	1.000000
44015.300840	361.067719	1.000000
44016.700864	-36.597996	1.000000
44019.500911	-36.672073	1.000000
44025.800705	550.227966	1.000000
44025.800705	-36.716209	1.000000
44027.200729	-36.892292	1.000000
44027.900741	582.125366	1.000000
44029.300764	-37.024948	1.000000
44030.000776	-48.315071	1.000000
44030.700788	-37.113026	1.000000
44032.100812	-153.089554	1.000000
44033.500731	-36.858482	1.000000
44034.900859	-36.874237	1.000000
44035.600871	525.453918	1.000000
44035.600871	-36.891041	1.000000
44037.000895	-36.750282	1.000000
44038.400814	-48.283306	1.000000
44040.500849	-36.635086	1.000000
44041.200861	-48.204025	1.000000
44041.200861	-36.733994	1.000000
44041.900873	-55.801220	1.000000
44043.300897	-38.611095	1.000000
44043.300897	-37.045910	1.000000
44043.300897	-48.226551	1.000000
44044.700921	103.572525	1.000000
44044.700921	-37.080032	1.000000
44048.900679	-36.791260	1.000000
44048.900679	-88.237602	1.000000
44049.600795	-36.792225	1.000000
44055.200785	-36.832550	1.000000
44056.600809	-36.760586	1.000000
44060.800880	-36.882946	1.000000
44063.600823	-36.733215	1.000000
44067.800894	-40.005928	1.000000
44067.800894	-36.586617	1.000000
44070.600733	509.019318	1.000000
44072.000653	-47.750084	1.000000
44073.400676	-47.850296	1.000000
44073.400676	-36.508808	1.000000
44074.100792	-36.467251	1.000000
44076.900735	-36.279465	1.000000
44079.700783	-36.041630	1.000000
44081.100807	-37.078674	1.000000
44081.800818	-36.076935	1.000000
44082.500830	-48.327503	1.000000
44083.900854	-35.973530	1.000000
44086.700797	-36.184132	1.000000
44087.400809	-47.772533	1.000000
44087.400809	-36.032646	1.000000
44092.300892	-43.777821	1.000000
44096.500754	-47.569626	1.000000
44097.200766	-36.226795	1.000000
44100.700825	-48.390526	1.000000
44101.400733	-36.213409	1.000000
44102.100745	-36.332787	1.000000
44103.500769	-36.147049	1.000000
44105.600804	-36.362675	1.000000
44110.500887	-36.448959	1.000000
44111.200899	-36.534714	1.000000
44111.200899	-48.287750	1.000000
44114.700958	-36.330662	1.000000
44115.400866	-42.240147	1.000000
44116.100878	-36.352692	1.000000
44121.000752	-36.453663	1.000000
44123.100787	-47.348450	1.000000
44126.600742	-36.488129	1.000000
44128.700882	-36.241447	1.000000
44129.400894	-47.169170	1.000000
44131.500825	-47.310867	1.000000
44132.200837	-47.055984	1.000000
44132.900849	-36.447239	1.000000
44137.100920	-47.079910	1.000000
44138.500944	-47.593983	1.000000
44138.500944	-36.826191	1.000000
44139.200956	-36.546494	1.000000
44142.000690	-47.412437	1.000000
44142.700702	-36.717861	1.000000
44145.500749	-36.519714	1.000000
44146.200761	-36.801987	1.000000
44148.300797	-47.597618	1.000000
44149.000809	-47.283413	1.000000
44151.100740	-36.875690	1.000000
44153.200880	-36.669331	1.000000
44153.200880	-46.708973	1.000000
44153.900892	-36.527431	1.000000
44158.800870	-36.621483	1.000000
44160.200894	-36.896313	1.000000
44163.700953	530.424316	1.000000
44165.100664	-48.867722	1.000000
44167.900816	510.919525	1.000000
44170.700759	-36.821644	1.000000
44172.100782	-49.377548	1.000000
44172.800794	-36.636299	1.000000
44174.200818	-371.645538	1.000000
44174.900725	-46.957787	1.000000
44175.600737	-36.651463	1.000000
44177.000865	-36.616058	1.000000
44177.000865	-46.768002	1.000000
44177.700877	-36.610531	1.000000
44180.500820	-36.589417	1.000000
44181.200832	-46.350811	1.000000
44184.700891	-36.714214	1.000000
44185.400903	-36.580708	1.000000
44188.200742	-46.535728	1.000000
44188.900754	-37.117752	1.000000
44188.900754	-58.807514	1.000000
44189.600661	164.848099	1.000000
44190.300673	-36.828583	1.000000
44191.000685	-15.953293	1.000000
44192.400813	-36.971989	1.000000
44195.200756	-37.025066	1.000000
44198.000804	-37.105549	1.000000
44199.400827	-49.948467	1.000000
44200.100839	-36.925224	1.000000
44202.900887	-46.418789	1.000000
44204.300806	-36.927364	1.000000
44205.700830	-37.084656	1.000000
44206.400946	-36.842144	1.000000
44206.400946	-42.466515	1.000000
44207.800865	-36.931572	1.000000
44209.900901	-36.573017	1.000000
44210.600913	-38.173805	1.000000
44210.600913	-46.834469	1.000000
44212.000728	-46.382130	1.000000
44213.400751	-36.909187	1.000000
44216.900811	-36.484024	1.000000
44217.600822	-37.016212	1.000000
44218.300730	-50.698418	1.000000
44218.300730	-36.707561	1.000000
44219.000742	-36.754009	1.000000
44219.700754	-36.624653	1.000000
44221.100777	-46.757854	1.000000
44221.800789	-46.076744	1.000000
44223.200813	-46.581120	1.000000
44225.300848	-36.602901	1.000000
44226.000860	-45.891796	1.000000
44226.700872	-46.291309	1.000000
44226.700872	-36.411037	1.000000
44228.100896	-36.420055	1.000000
44230.900943	-36.570965	1.000000
44231.600955	-36.561142	1.000000
44233.700886	-36.843632	1.000000
44236.500725	-36.510033	1.000000
44240.000784	-36.602959	1.000000
44243.500739	-12.221326	1.000000
44244.900763	-46.424702	1.000000
44245.600775	-46.140297	1.000000
44245.600775	-36.682529	1.000000
44246.300891	-36.843632	1.000000
44247.000799	-36.441868	1.000000
44247.700810	-36.984493	1.000000
44250.500858	-21.471907	1.000000
44250.500858	-47.453243	1.000000
44252.600893	-37.067131	1.000000
44255.400941	-46.048634	1.000000
44256.800964	-36.508114	1.000000
44258.900687	-36.666481	1.000000
44261.700734	-43.982792	1.000000
44262.400746	-36.636238	1.000000
44263.800770	-36.651707	1.000000
44265.200794	-36.796001	1.000000
44267.300829	-36.793045	1.000000
44267.300829	-62.976315	1.000000
44268.000737	-46.350445	1.000000
44268.700749	-46.048092	1.000000
44268.700749	-36.797733	1.000000
44269.400865	-36.879097	1.000000
44272.200808	-36.904079	1.000000
44273.600832	-36.831474	1.000000
44276.400879	463.827179	1.000000
44279.200926	-36.567547	1.000000
44280.600950	554.401794	1.000000
44281.300962	-36.852676	1.000000
44284.100696	-36.533825	1.000000
44284.800708	-36.735813	1.000000
44286.200732	-36.757507	1.000000
44286.900744	153.000854	1.000000
44287.600756	-37.016994	1.000000
44288.300768	-36.924591	1.000000
44292.500734	-36.749084	1.000000
44295.300886	-46.423031	1.000000
44296.000898	-36.641232	1.000000
44298.100829	-36.668365	1.000000
44298.800841	-46.139194	1.000000
44299.500957	594.033447	1.000000
44300.200969	-40.227016	1.000000
44300.900877	-41.373348	1.000000
44303.000912	-36.906212	1.000000
44303.700924	-36.969734	1.000000
44304.400936	-36.734901	1.000000
44305.100948	-36.975620	1.000000
44306.500658	-45.854816	1.000000
44306.500658	-36.714962	1.000000
44307.200670	-36.677620	1.000000
44308.600694	-36.696056	1.000000
44310.000822	-45.907837	1.000000
44310.000822	-36.551701	1.000000
44314.900801	-44.790142	1.000000
44315.600812	-36.615192	1.000000
44316.300824	-36.874554	1.000000
44317.700848	-38.805725	1.000000
44319.800884	-45.205170	1.000000
44321.200803	-36.780430	1.000000
44322.600827	325.731293	1.000000
44324.700966	-36.784424	1.000000
44328.200921	-36.800571	1.000000
44328.200921	-35.685955	1.000000
44329.600736	-38.282993	1.000000
44330.300748	-36.795658	1.000000
44331.700668	-36.728348	1.000000
44333.800808	-36.638847	1.000000
44335.200831	-51.596027	1.000000
44335.200831	-37.206009	1.000000
44335.900739	-45.552807	1.000000
44336.600751	-37.009575	1.000000
44338.700786	-37.077492	1.000000
44338.700786	-39.617935	1.000000
44339.400798	-45.181244	1.000000
44340.800822	-37.797302	1.000000
44342.900857	-46.027584	1.000000
44342.900857	-36.726543	1.000000
44345.700800	-37.065968	1.000000
44350.600883	88.591148	1.000000
44351.300895	-36.671982	1.000000
44355.500758	-42.183056	1.000000
44356.200665	-36.940369	1.000000
44356.900781	-36.831921	1.000000
44357.600793	-48.990898	1.000000
44361.800760	-36.615459	1.000000
44363.900796	-36.900005	1.000000
44365.300819	-36.564594	1.000000
44366.700843	181.819107	1.000000
44366.700843	-36.728951	1.000000
44367.400855	-39.170506	1.000000
44368.800879	-36.700493	1.000000
44374.400869	-36.681549	1.000000
44375.100881	-36.532402	1.000000
44377.200708	-36.623745	1.000000
44377.900720	308.553284	1.000000
44377.900720	-36.468113	1.000000
44379.300743	335.628723	1.000000
44379.300743	-36.362549	1.000000
44384.200826	-36.428905	1.000000
44386.300758	-36.338257	1.000000
44387.000874	-36.164406	1.000000
44389.800817	-36.190800	1.000000
44389.800817	-272.512665	1.000000
44394.000888	-36.121460	1.000000
44394.700900	-35.975372	1.000000
44397.500947	-36.146847	1.000000
44398.900971	-36.284031	1.000000
44400.300682	-36.008274	1.000000
44403.100833	-36.460907	1.000000
44410.800755	-36.608356	1.000000
44410.800755	-53.967552	1.000000
44412.200883	-36.548538	1.000000
44412.900895	-36.518635	1.000000
44413.600802	-36.560066	1.000000
44414.300814	-45.511509	1.000000
44415.000826	-36.582249	1.000000
44419.200897	-36.746258	1.000000
44421.300933	-37.062862	1.000000
44424.100667	-36.777321	1.000000
44424.800679	-47.418415	1.000000
44424.800679	-36.674564	1.000000
44426.900715	-36.698071	1.000000
44427.600726	-36.658760	1.000000
44429.000750	-36.820457	1.000000
44430.400774	-44.417961	1.000000
44430.400774	-36.723396	1.000000
44439.500824	-36.759850	1.000000
44440.200835	-36.949337	1.000000
44441.600859	-45.585476	1.000000
44441.600859	-36.755463	1.000000
44449.300677	-45.273525	1.000000
44452.100828	-36.961212	1.000000
44452.800736	-36.605480	1.000000
44453.500748	-36.654308	1.000000
44454.200760	-36.783192	1.000000
44457.000807	-36.613293	1.000000
44460.500866	-36.840767	1.000000
44461.200878	-36.827534	1.000000
44461.900890	-36.704296	1.000000
44463.300809	-45.575687	1.000000
44464.000821	-44.192448	1.000000
44467.500880	-36.864555	1.000000
44468.200892	-42.017948	1.000000
44468.200892	-36.993923	1.000000
44468.900904	-36.800259	1.000000
44470.300928	-37.166271	1.000000
44471.000731	-37.292847	1.000000
44473.100662	-36.781246	1.000000
44473.800674	-36.735405	1.000000
44474.500790	-39.760662	1.000000
44477.300733	455.561218	1.000000
44477.300733	-36.989174	1.000000
44478.700757	-36.885826	1.000000
44479.400769	-36.742535	1.000000
44480.100781	-38.626709	1.000000
44481.500804	-36.793949	1.000000
44483.600840	336.327576	1.000000
44484.300852	-44.352432	1.000000
44485.000864	-36.959206	1.000000
44485.700876	-50.351406	1.000000
44486.400887	-44.867985	1.000000
44487.800807	-36.925518	1.000000
44488.500819	463.807709	1.000000
44488.500819	-36.717777	1.000000
44490.600958	-44.931629	1.000000
44492.000878	-36.712612	1.000000
44492.700890	-52.304573	1.000000
44493.400902	-36.817108	1.000000
44499.700800	287.116791	1.000000
44499.700800	-36.829926	1.000000
44501.800835	-39.443684	1.000000
44501.800835	-36.962860	1.000000
44502.500743	-36.737274	1.000000
44503.200755	-36.892113	1.000000
44503.200755	-43.920822	1.000000
44504.600883	-36.852589	1.000000
44508.800849	-36.920609	1.000000
44509.500861	-43.667007	1.000000
44510.900885	-44.080254	1.000000
44511.600897	-43.592464	1.000000
44512.300804	-36.927902	1.000000
44513.000816	-37.053566	1.000000
44513.700932	-44.113522	1.000000
44513.700932	-37.085861	1.000000
44520.700738	-44.584946	1.000000
44521.400750	-37.101189	1.000000
44522.100762	-36.746754	1.000000
44523.500785	-44.675072	1.000000
44523.500785	-36.745064	1.000000
44524.200797	-50.965351	1.000000
44525.600821	-41.391151	1.000000
44528.400764	-44.598213	1.000000
44529.100776	-36.675591	1.000000
44529.800892	395.136078	1.000000
44533.300847	598.378174	1.000000
44534.700871	-36.977226	1.000000
44537.500918	-42.623440	1.000000
44538.200930	-36.848866	1.000000
44538.900942	342.281555	1.000000
44541.700676	-42.911922	1.000000
44544.500723	-36.657352	1.000000
44545.900747	-43.683235	1.000000
44545.900747	-36.947334	1.000000
44548.000783	-48.411091	1.000000
44548.700795	-36.633450	1.000000
44548.700795	-42.743259	1.000000
44550.800830	-36.884125	1.000000
44550.800830	-42.600086	1.000000
44552.900866	-43.034866	1.000000
44554.300889	-45.162102	1.000000
44555.000901	-43.004494	1.000000
44555.700809	-43.416489	1.000000
44557.800844	748.733887	1.000000
44558.500856	-36.821453	1.000000
44559.200868	-43.300900	1.000000
44559.900880	-45.842628	1.000000
44560.600892	-43.585705	1.000000
44561.300904	-36.839165	1.000000
44566.900685	-42.982304	1.000000
44567.600697	-36.850033	1.000000
44569.000721	-36.845165	1.000000
44571.800768	-41.975761	1.000000
44573.200792	-36.647255	1.000000
44575.300828	-36.721577	1.000000
44575.300828	-37.355900	1.000000
44576.700851	-36.815655	1.000000
44577.400863	-42.622379	1.000000
44577.400863	-40.880039	1.000000
44578.800887	-36.739254	1.000000
44580.900818	-36.743153	1.000000
44587.200925	-36.820625	1.000000
44589.300752	-36.700554	1.000000
44592.100799	-36.619164	1.000000
44592.800811	-36.776390	1.000000
44593.500823	-36.794811	1.000000
44594.200835	-36.686249	1.000000
44594.900742	-36.762020	1.000000
44596.300766	-36.837662	1.000000
44599.100813	-36.791626	1.000000
44601.200849	-36.452293	1.000000
44601.200849	-37.076206	1.000000
44601.900861	-37.937687	1.000000
44602.600873	-36.513275	1.000000
44607.500955	-41.500061	1.000000
44610.300899	-37.610817	1.000000
44611.000910	-36.569977	1.000000
44614.500761	-40.111988	1.000000
44614.500761	-37.286903	1.000000
44616.600692	-36.501915	1.000000
44617.300808	-42.375259	1.000000
44617.300808	-36.760365	1.000000
44618.700832	-41.716724	1.000000
44622.200787	-36.531113	1.000000
44622.200787	-43.494164	1.000000
44623.600811	-36.690109	1.000000
44624.300823	-41.598694	1.000000
44625.700846	358.952301	1.000000
44627.800882	-40.467625	1.000000
44629.900813	-41.205238	1.000000
44629.900813	-38.740456	1.000000
44629.900813	-53.076260	1.000000
44631.300941	-36.390427	1.000000
44631.300941	-40.280869	1.000000
44631.300941	-36.896999	1.000000
44632.000953	-42.945484	1.000000
44632.700965	-36.692287	1.000000
44634.100884	-41.291237	1.000000
44635.500908	-36.805294	1.000000
44636.900723	-36.756790	1.000000
44638.300747	-36.123642	1.000000
44639.700770	-36.331661	1.000000
44641.100794	-36.555393	1.000000
44641.800806	-36.244511	1.000000
44642.500818	-36.083630	1.000000
44644.600749	-40.223209	1.000000
44644.600749	-36.212437	1.000000
44646.700785	435.088074	1.000000
44648.800820	368.986542	1.000000
44649.500832	-40.453377	1.000000
44650.200844	-39.880024	1.000000
44651.600868	-36.465611	1.000000
44651.600868	-41.036373	1.000000
44653.700903	-40.201221	1.000000
44653.700903	-36.559994	1.000000
44654.400915	-36.327431	1.000000
44655.100927	-36.649368	1.000000
44657.900974	-36.594830	1.000000
44659.300894	-39.827675	1.000000
44659.300894	-36.530891	1.000000
44662.100732	-39.998966	1.000000
44662.100732	-36.637974	1.000000
44662.800744	-37.263176	1.000000
44664.900780	-36.982758	1.000000
44666.300803	-36.518551	1.000000
44667.700827	-36.853893	1.000000
44669.100747	-40.289860	1.000000
44671.900898	-36.695316	1.000000
44672.600910	-40.005596	1.000000
44673.300818	-36.953804	1.000000
44676.100865	-36.714993	1.000000
44678.900912	318.666351	1.000000
44680.300936	-42.369698	1.000000
44681.700960	-36.731762	1.000000
44683.100879	-42.605083	1.000000
44683.800682	-36.641582	1.000000
44684.500694	-36.628075	1.000000
44685.200706	-40.185829	1.000000
44685.200706	-36.525269	1.000000
44686.600730	-39.288628	1.000000
44686.600730	-36.809734	1.000000
44688.700765	-36.890427	1.000000
44689.400777	-36.686237	1.000000
44695.700884	-36.858036	1.000000
44697.100908	-36.835388	1.000000
44697.800815	-36.881351	1.000000
44699.200839	-36.690788	1.000000
44700.600863	-37.790783	1.000000
44700.600863	-36.907848	1.000000
44701.300874	-36.728794	1.000000
44702.000886	-36.691898	1.000000
44702.000886	-38.440475	1.000000
44702.700898	-36.781517	1.000000
44704.100922	-36.755432	1.000000
44705.500945	-39.510956	1.000000
44705.500945	-36.793236	1.000000
44706.900761	-36.769539	1.000000
44707.600668	-36.857628	1.000000
44707.600668	-38.452526	1.000000
44709.000692	-36.862274	1.000000
44709.700808	-39.881287	1.000000
44709.700808	-40.748173	1.000000
44710.400820	-38.722717	1.000000
44711.100832	-36.649467	1.000000
44712.500751	-38.322006	1.000000
44713.900775	-36.614044	1.000000
44713.900775	-37.308441	1.000000
44715.300798	-36.631821	1.000000
44716.700822	-38.225067	1.000000
44716.700822	-36.632488	1.000000
44717.400834	-36.774952	1.000000
44718.100742	-41.354755	1.000000
44718.800858	-39.322163	1.000000
44719.500870	-36.624664	1.000000
44720.200881	-36.629566	1.000000
44720.900893	-36.578583	1.000000
44722.300813	-36.624210	1.000000
44722.300813	-38.194481	1.000000
44723.000824	-37.251930	1.000000
44723.000824	-36.652714	1.000000
44724.400952	-36.509220	1.000000
44725.100964	-36.839760	1.000000
44725.100964	-37.780460	1.000000
44725.800976	-36.586849	1.000000
44727.200896	-36.541691	1.000000
44727.900907	-36.685719	1.000000
44728.600919	-36.427723	1.000000
44729.300931	-36.822186	1.000000
44730.700746	216.844955	1.000000
44730.700746	-39.202934	1.000000
44732.800677	-36.715355	1.000000
44734.200701	-36.727348	1.000000
44734.900817	-36.840290	1.000000
44735.600829	-38.295879	1.000000
44735.600829	-36.152615	1.000000
44736.300841	-37.855354	1.000000
44737.000749	-37.665695	1.000000
44737.000749	-36.763012	1.000000
44737.700760	-37.279301	1.000000
44739.100784	-36.655624	1.000000
44740.500808	-36.655647	1.000000
44741.200820	-36.701191	1.000000
44741.900831	551.329773	1.000000
44741.900831	-37.109825	1.000000
44743.300855	-37.152515	1.000000
44745.400891	-36.802879	1.000000
44746.100903	-36.781582	1.000000
44747.500822	-36.674629	1.000000
44748.200834	-36.724205	1.000000
44748.900950	-36.761738	1.000000
44749.600962	-36.723320	1.000000
44749.600962	-37.423824	1.000000
44751.000881	-36.643959	1.000000
44752.400905	-36.849167	1.000000
44753.100917	-36.479610	1.000000
44753.800929	-36.521896	1.000000
44755.200744	-37.785755	1.000000
44756.600767	-36.693882	1.000000
44757.300675	-36.979645	1.000000
44757.300675	-35.761543	1.000000
44758.000791	-36.549244	1.000000
44758.700803	-36.435688	1.000000
44759.400815	-36.420784	1.000000
44760.800838	-36.890152	1.000000
44761.500746	-36.553101	1.000000
44761.500746	-35.912155	1.000000
44761.500746	-55.168331	1.000000
44762.200758	-36.605122	1.000000
44762.900770	24.401823	1.000000
44762.900770	-36.680038	1.000000
44765.000805	-36.121918	1.000000
44765.000805	-37.858143	1.000000
44767.800853	-36.624336	1.000000
44769.200876	-35.643604	1.000000
44769.200876	-37.540272	1.000000
44771.300912	-36.626667	1.000000
44773.400947	-36.295479	1.000000
44775.500879	-34.229820	1.000000
44776.900902	-33.995674	1.000000
44778.300717	-34.535000	1.000000
44778.300717	-36.314289	1.000000
44779.000729	-27.746775	1.000000
44780.400753	-34.731323	1.000000
44781.100765	-32.858719	1.000000
44783.200800	-27.064709	1.000000
44785.300836	-27.622547	1.000000
44786.000744	-27.074623	1.000000
44787.400767	-27.842854	1.000000
44787.400767	-33.814816	1.000000
44787.400767	-32.046574	1.000000
44787.400767	-35.821571	1.000000
44790.200815	-28.356247	1.000000
44790.900826	-29.327059	1.000000
44792.300850	-28.365732	1.000000
44793.000862	240.185425	1.000000
44794.400886	-27.788683	1.000000
44796.500921	-27.613403	1.000000
44799.300969	-27.326925	1.000000
44802.800715	-27.400690	1.000000
44802.800715	-52.742027	1.000000
44803.500727	-26.478117	1.000000
44803.500727	-27.511120	1.000000
44805.600762	599.982056	1.000000
44806.300774	365.193878	1.000000
44806.300774	-27.052551	1.000000
44806.300774	-27.655592	1.000000
44807.700798	-26.754030	1.000000
44809.100822	-26.998514	1.000000
44810.500741	-27.393112	1.000000
44811.900869	-26.931509	1.000000
44814.000905	-27.647999	1.000000
44814.700812	-26.891434	1.000000
44816.100836	-26.650547	1.000000
44821.000919	-26.635109	1.000000
44822.400942	-26.270399	1.000000
44823.100954	-27.038055	1.000000
44825.200677	-26.833969	1.000000
44828.700840	-26.485748	1.000000
44831.500784	-26.605402	1.000000
44832.200795	-26.336742	1.000000
44834.300831	-26.297899	1.000000
44835.000843	-26.642302	1.000000
44835.700750	-26.129585	1.000000
44836.400867	-26.586372	1.000000
44837.800890	-26.123213	1.000000
44839.200914	-26.142046	1.000000
44842.000857	-26.546085	1.000000
44846.200928	-27.102556	1.000000
44846.900940	-26.390385	1.000000
44848.300755	-24.105639	1.000000
44849.000767	-26.705252	1.000000
44850.400686	-24.451403	1.000000
44850.400686	-25.938114	1.000000
44851.100698	651.315308	1.000000
44851.100698	-26.205214	1.000000
44851.800710	-25.452604	1.000000
44853.200838	-25.828377	1.000000
44855.300769	-26.735888	1.000000
44855.300769	-26.106300	1.000000
44857.400805	-25.862501	1.000000
44858.100817	486.287689	1.000000
44858.100817	-27.403576	1.000000
44858.800828	-27.415131	1.000000
44859.500840	-26.742001	1.000000
44859.500840	-27.830914	1.000000
44862.300888	-25.743204	1.000000
44863.000900	-27.385338	1.000000
44864.400819	-28.076042	1.000000
44865.100831	-25.789980	1.000000
44867.200971	-26.544609	1.000000
44868.600890	-25.813946	1.000000
44868.600890	-26.465763	1.000000
44869.300902	144.316864	1.000000
44869.300902	-26.990259	1.000000
44872.100741	-25.965477	1.000000
44872.800753	471.557739	1.000000
44873.500764	-26.043785	1.000000
44873.500764	-27.345430	1.000000
44877.700835	-25.278381	1.000000
44878.400743	-25.404053	1.000000
44879.100755	-25.627602	1.000000
44879.800767	-25.634794	1.000000
44884.000838	-25.388933	1.000000
44885.400862	-24.879955	1.000000
44888.200909	-24.825663	1.000000
44890.300944	-24.815754	1.000000
44891.000956	-24.560867	1.000000
44891.700968	-24.823683	1.000000
44893.100888	-24.930231	1.000000
44893.800899	-24.892351	1.000000
44895.200923	-24.669878	1.000000
44895.900726	-24.506516	1.000000
44896.600738	-24.471535	1.000000
44896.600738	-23.925365	1.000000
44899.400786	-24.716345	1.000000
44900.800809	-24.814827	1.000000
44902.200833	-24.800213	1.000000
44903.600752	-24.809038	1.000000
44903.600752	-25.377884	1.000000
44905.000776	639.294312	1.000000
44906.400800	-23.850767	1.000000
44907.100916	-23.775394	1.000000
44907.800823	-23.524336	1.000000
44909.200847	-24.750614	1.000000
44911.300883	-24.248747	1.000000
44913.400814	-23.778818	1.000000
44914.800942	-23.878000	1.000000
44916.200966	-24.349138	1.000000
44916.900977	-23.930098	1.000000
44916.900977	-23.204340	1.000000
44916.900977	-51.840816	1.000000
44917.600885	-23.795897	1.000000
44919.700712	-43.825718	1.000000
44920.400724	-24.157911	1.000000
44921.800748	-22.524454	1.000000
44922.500759	-24.006845	1.000000
44923.900783	-23.851700	1.000000
44924.600795	-23.807499	1.000000
44925.300807	-23.078650	1.000000
44928.100750	-23.406372	1.000000
44929.500878	-23.336178	1.000000
44933.700845	-22.407578	1.000000
44935.800880	-22.531813	1.000000
44936.500892	-21.968449	1.000000
44939.300939	-21.886389	1.000000
44939.300939	-22.970915	1.000000
44940.000951	-22.832764	1.000000
44940.000951	-21.669548	1.000000
44942.100987	-21.636492	1.000000
44942.100987	-22.356180	1.000000
44943.500698	-25.522345	1.000000
44947.700769	-22.134153	1.000000
44948.400781	-21.985678	1.000000
44950.500816	-21.633907	1.000000
44950.500816	-22.198313	1.000000
44953.300759	-22.016548	1.000000
44954.000771	-21.194666	1.000000
44954.700887	-21.860966	1.000000
44955.400899	126.106529	1.000000
44956.100911	-19.900225	1.000000
44956.800818	-22.586210	1.000000
44956.800818	-20.809645	1.000000
44958.900854	-20.641397	1.000000
44961.000890	-20.603024	1.000000
44962.400913	-19.813330	1.000000
44963.100925	-21.296757	1.000000
44964.500949	-19.496424	1.000000
44966.600776	-19.815886	1.000000
44968.000695	-19.827885	1.000000
44968.700707	-19.624197	1.000000
44969.400719	-19.178989	1.000000
44971.500754	-18.264488	1.000000
44972.200766	-19.895702	1.000000
44974.300802	-18.965672	1.000000
44975.000814	-19.503969	1.000000
44975.700825	-20.693306	1.000000
44976.400837	-18.195290	1.000000
44979.200885	-19.220640	1.000000
44986.900911	-17.697390	1.000000
44990.400761	-17.611927	1.000000
44992.500693	-17.659575	1.000000
44993.200704	-17.145201	1.000000
44994.600832	-18.703587	1.000000
44994.600832	-16.181679	1.000000
44996.700764	-16.255823	1.000000
44998.100787	-16.194897	1.000000
44999.500811	-16.450167	1.000000
45003.000870	-16.152348	1.000000
45005.800918	-16.340895	1.000000
45006.500825	-15.109478	1.000000
45007.200837	-16.729706	1.000000
45007.900849	-16.716843	1.000000
45007.900849	-9.622556	1.000000
45008.600965	-13.639439	1.000000
45008.600965	-12.712845	1.000000
45012.100920	-14.320832	1.000000
45014.900759	-14.490799	1.000000
45015.600771	-14.098828	1.000000
45018.400818	-11.912561	1.000000
45023.300797	-12.560104	1.000000
45025.400832	-12.187520	1.000000
45026.800856	-11.314416	1.000000
45028.200880	-11.464613	1.000000
45028.900892	-10.327629	1.000000
45029.600903	-10.953347	1.000000
45031.000823	-11.373937	1.000000
45033.100963	-13.007279	1.000000
45034.500986	-9.830134	1.000000
45035.900906	-10.691617	1.000000
45035.900906	-8.651681	1.000000
45036.600918	-9.030822	1.000000
45040.100768	-8.401147	1.000000
45041.500688	-8.793811	1.000000
45042.200804	-9.118637	1.000000
45044.300839	-8.754416	1.000000
45045.700759	-9.007039	1.000000
45045.700759	-8.276146	1.000000
45047.100782	-7.357479	1.000000
45047.100782	-8.216877	1.000000
45048.500910	-8.309890	1.000000
45049.900830	-7.809414	1.000000
45051.300853	-6.918230	1.000000
45055.500925	-6.583961	1.000000
45056.200936	-5.975748	1.000000
45056.900948	-7.557126	1.000000
45059.700891	-7.191917	1.000000
45060.400695	-7.586171	1.000000
45061.800718	-6.758152	1.000000
45063.200742	-4.999282	1.000000
45063.900754	-6.656617	1.000000
45066.700801	-1.436649	1.000000
45067.400813	-5.376561	1.000000
45068.100825	517.959351	1.000000
45069.500849	-6.001182	1.000000
45070.200756	-5.053875	1.000000
45070.200756	-5.656884	1.000000
45070.900768	-3.844545	1.000000
45073.700920	-4.214369	1.000000
45074.400827	-3.504433	1.000000
45076.500863	-2.952189	1.000000
45083.500981	-1.791964	1.000000
45087.000728	-0.891674	1.000000
45087.700740	-0.058893	1.000000
45089.100763	3.447809	1.000000
45092.600822	533.563171	1.000000
45092.600822	-0.483712	1.000000
45094.000846	674.793274	1.000000
45096.800894	0.883510	1.000000
45097.500905	1.508072	1.000000
45101.700872	2.385460	1.000000
45103.800908	3.614150	1.000000
45104.500920	1.996938	1.000000
45106.600955	1.011513	1.000000
45108.700678	2.969321	1.000000
45112.200737	2.520258	1.000000
45117.100820	1.948499	1.000000
45118.500844	3.455392	1.000000
45119.200855	3.292883	1.000000
45122.000903	628.979370	1.000000
45123.400822	5.117134	1.000000
45124.100834	4.646141	1.000000
45126.200870	6.066284	1.000000
45126.200870	4.150160	1.000000
45130.400941	5.760027	1.000000
45131.800756	7.065696	1.000000
45133.900687	6.431171	1.000000
45136.000827	559.198547	1.000000
45136.700839	6.356707	1.000000
45137.400851	5.629131	1.000000
45138.100758	10.530585	1.000000
45138.800770	6.540678	1.000000
45138.800770	8.509846	1.000000
45138.800770	7.256095	1.000000
45142.300829	6.833975	1.000000
45142.300829	8.771906	1.000000
45145.100877	8.229333	1.000000
45145.800889	8.729259	1.000000
45146.500900	8.711701	1.000000
45148.600832	8.279136	1.000000
45150.000960	7.537438	1.000000
45152.100891	8.179529	1.000000
45155.600742	6.734552	1.000000
45157.000765	8.664842	1.000000
45157.700777	8.548236	1.000000
45158.400685	9.861342	1.000000
45162.600756	9.751476	1.000000
45164.000779	9.790331	1.000000
45164.700791	10.148735	1.000000
45165.400907	16.320902	1.000000
45166.100919	13.000816	1.000000
45166.100919	11.184181	1.000000
45166.800827	12.591881	1.000000
45168.900862	13.225180	1.000000
45169.600874	19.123478	1.000000
45177.300900	255.709656	1.000000
45178.700715	15.786661	1.000000
45179.400727	16.229036	1.000000
45180.800751	17.004185	1.000000
45186.400846	20.495203	1.000000
45189.900801	20.470350	1.000000
45190.600917	19.493631	1.000000
45190.600917	21.991953	1.000000
45191.300824	19.579750	1.000000
45197.600931	20.387676	1.000000
45201.100990	373.480682	1.000000
45205.300748	20.837378	1.000000
45208.100796	23.915194	1.000000
45208.800808	24.470427	1.000000
45208.800808	25.699104	1.000000
45209.500819	26.106548	1.000000
45209.500819	25.458866	1.000000
45210.900843	25.082697	1.000000
45213.000774	24.519857	1.000000
45214.400902	24.488951	1.000000
45214.400902	23.795162	1.000000
45221.400917	25.961376	1.000000
45223.500952	29.996725	1.000000
45224.200964	26.868702	1.000000
45224.900976	26.803411	1.000000
45227.700710	30.831707	1.000000
45228.400722	24.536219	1.000000
45229.100734	29.278608	1.000000
45229.800746	31.083456	1.000000
45231.900781	27.020086	1.000000
45232.600793	29.109751	1.000000
45233.300805	30.047031	1.000000
45236.100852	31.223248	1.000000
45238.200888	32.519806	1.000000
45241.700843	517.766968	1.000000
45245.200902	34.495113	1.000000
45245.200902	35.912598	1.000000
45246.600926	39.066555	1.000000
45247.300938	468.639587	1.000000
45248.700961	39.966797	1.000000
45250.800684	39.282181	1.000000
45253.600836	40.640739	1.000000
45254.300848	40.123062	1.000000
45259.200826	42.070004	1.000000
45262.700886	38.184959	1.000000
45265.500829	39.803524	1.000000
45266.900957	38.289406	1.000000
45267.600968	35.968781	1.000000
45269.000992	37.127651	1.000000
45271.100923	34.878216	1.000000
45271.800935	36.945679	1.000000
45274.600774	38.184452	1.000000
45275.300682	37.563980	1.000000
45276.000693	39.614891	1.000000
45277.400821	38.685120	1.000000
45282.300800	46.183544	1.000000
45283.000812	39.211601	1.000000
45286.500871	45.974686	1.000000
45290.700838	43.916008	1.000000
45295.600921	45.793922	1.000000
45296.300933	44.466808	1.000000
45297.700748	229.221771	1.000000
45302.600831	47.215946	1.000000
45303.300843	46.274666	1.000000
45304.000854	49.433495	1.000000
45306.100786	48.151829	1.000000
45309.600845	50.154346	1.000000
45311.000869	48.995373	1.000000
45312.400892	49.659817	1.000000
45313.100904	50.015972	1.000000
45318.000987	51.513752	1.000000
45318.700895	142.534164	1.000000
45322.200745	54.767879	1.000000
45322.900757	54.875111	1.000000
45325.000793	55.927250	1.000000
45329.200760	50.869099	1.000000
45333.400831	58.435661	1.000000
45334.100842	57.978767	1.000000
45334.100842	57.143681	1.000000
45336.200878	61.204723	1.000000
45342.500985	63.772621	1.000000
45343.200997	62.941097	1.000000
45343.200997	34.815918	1.000000
45344.600707	188.999527	1.000000
45346.700743	654.654602	1.000000
45347.400755	63.442768	1.000000
45348.100767	62.509846	1.000000
45349.500790	63.064171	1.000000
45350.200802	592.452881	1.000000
45350.200802	64.842224	1.000000
45350.900814	67.123276	1.000000
45361.400887	628.633606	1.000000
45368.400693	624.215637	1.000000
45385.900989	652.797302	1.000000
45395.000726	658.341980	1.000000
45395.700842	642.504944	1.000000
45397.100762	654.488708	1.000000
45397.800773	648.888245	1.000000
45398.500785	644.155884	1.000000
45398.500785	653.515137	1.000000
45399.200797	667.301147	1.000000
45403.400868	654.371704	1.000000
45404.100880	651.437683	1.000000
45406.200916	651.037354	1.000000
45409.000859	647.561218	1.000000
45410.400987	668.806152	1.000000
45410.400987	657.505188	1.000000
45414.600745	635.432861	1.000000
45416.700780	658.151917	1.000000
45416.700780	651.131165	1.000000
45417.400688	662.921631	1.000000
45418.100700	667.376770	1.000000
45418.100700	632.528503	1.000000
45421.600759	666.698792	1.000000
45422.300771	656.068237	1.000000
45425.800830	664.765869	1.000000
45426.500842	660.474060	1.000000
45426.500842	627.831665	1.000000
45427.200854	669.574951	1.000000
45427.200854	654.523438	1.000000
45427.900866	660.568970	1.000000
45428.600878	668.348755	1.000000
45430.000901	662.800903	1.000000
45432.800844	668.880981	1.000000
45433.500960	623.299927	1.000000
45434.900984	647.056152	1.000000
45436.300904	625.336182	1.000000
45436.300904	637.621582	1.000000
45437.000915	1036.587280	1.000000
45437.000915	640.688843	1.000000
45440.500766	646.061035	1.000000
45444.000825	667.928223	1.000000
45444.000825	625.621216	1.000000
45444.700837	646.624329	1.000000
